0.02734375
0.0
0.0
0.0
0.0
0.0
0.01953125
0.046875
0.0
0.015625
0.0546875
0.03515625
0.08984375
0.0
0.0
0.078125
0.0
0.00390625
0.0
0.0
0.0
0.00390625
0.00390625
0.00390625
0.0
0.0
0.0
0.0
0.0
0.0
0.0
0.0
0.0
0.0
0.0
0.0
0.0
0.0
0.0
0.0
0.0
0.0
0.03125
0.0
0.00390625
0.01171875
0.0234375
0.03125
0.0078125
0.00390625
0.015625
0.0625
0.00390625
0.00390625
0.0
0.00390625
0.00390625
0.1015625
0.1875
0.03125
0.0
0.0
0.00390625
0.00390625
0.00390625
0.015625
0.03125
0.0
0.00390625
0.03125
0.05859375
0.04296875
0.0
0.0
0.05078125
0.0
0.00390625
0.0
0.0
0.0
0.01171875
0.0
0.00390625
0.00390625
0.0
0.0
0.0
0.0
0.00390625
0.0
0.0
0.00390625
0.0
0.0
0.00390625
0.00390625
0.0
0.0
0.00390625
0.00390625
0.0
0.01953125
0.0
0.0
0.0078125
0.02734375
0.0390625
0.0
0.00390625
0.01953125
0.0859375
0.00390625
0.00390625
0.015625
0.0
0.00390625
0.1015625
0.28125
0.01171875
0.0
0.0
0.0
0.00390625
0.0
0.0078125
0.04296875
0.0
0.0
0.01953125
0.046875
0.05078125
0.00390625
0.0
0.0625
0.0078125
0.0
0.0
0.00390625
0.0
0.0078125
0.00390625
0.0
0.0078125
0.0
0.0
0.0
0.00390625
0.00390625
0.0
0.0
0.00390625
0.00390625
0.01953125
0.0
0.0078125
0.0
0.0
0.0
0.0
0.0078125
0.00390625
0.0
0.00390625
0.0
0.02734375
0.01953125
0.0
0.0078125
0.0078125
0.0546875
0.00390625
0.00390625
0.0078125
0.0078125
0.00390625
0.1171875
0.3359375
0.0234375
0.00390625
0.0
0.0078125
0.0
0.0
0.01953125
0.0703125
0.0
0.0
0.015625
0.0390625
0.0390625
0.01171875
0.0
0.04296875
0.00390625
0.0
0.00390625
0.0
0.0078125
0.0
0.0
0.00390625
0.0
0.0078125
0.0
0.0
0.0
0.00390625
0.0
0.0
0.0
0.0
0.00390625
0.0078125
0.01171875
0.0
0.0
0.00390625
0.0
0.0
0.00390625
0.0
0.00390625
0.0
0.04296875
0.0
0.0
0.0
0.04296875
0.015625
0.0
0.00390625
0.0
0.0
0.0078125
0.1640625
0.3203125
0.03125
0.0078125
0.0
0.0078125
0.0
0.0
0.015625
0.01953125
0.0
0.0
0.0234375
0.01953125
0.0
0.0
0.00390625
0.04296875
0.00390625
0.00390625
0.0
0.0
0.0
0.015625
0.00390625
0.02734375
0.0
0.0
0.0
0.0
0.0
0.00390625
0.0
0.0078125
0.0
0.0
0.01171875
0.00390625
0.0078125
0.0
0.00390625
0.0
0.00390625
0.0
0.01171875
0.0
0.00390625
0.00390625
0.01953125
0.0234375
0.0
0.0
0.03125
0.03515625
0.01171875
0.00390625
0.0078125
0.0
0.01171875
0.06640625
0.4375
0.03125
0.015625
0.0234375
0.0078125
0.01171875
0.00390625
0.0078125
0.0390625
0.0
0.0
0.0234375
0.0234375
0.015625
0.00390625
0.0
0.05078125
0.00390625
0.0
0.00390625
0.0
0.0
0.01171875
0.0234375
0.0
0.0
0.0
0.0
0.0
0.00390625
0.00390625
0.0
0.00390625
0.0
0.0
0.0078125
0.015625
0.01171875
0.0
0.0
0.0
0.0
0.0078125
0.00390625
0.0
0.0
0.0
0.01953125
0.02734375
0.0
0.00390625
0.03125
0.01171875
0.0
0.0078125
0.0
0.0234375
0.0078125
0.0859375
0.30078125
0.02734375
0.01171875
0.00390625
0.01171875
0.0
0.00390625
0.0078125
0.04296875
0.0
0.0
0.00390625
0.03125
0.046875
0.0
0.0
0.0390625
0.00390625
0.0
0.00390625
0.0
0.0
0.00390625
0.00390625
0.0078125
0.0078125
0.0
0.00390625
0.0
0.01171875
0.01171875
0.0
0.0
0.00390625
0.00390625
0.00390625
0.0
0.01171875
0.00390625
0.0
0.0
0.0078125
0.0
0.01171875
0.0
0.0
0.00390625
0.015625
0.0234375
0.00390625
0.00390625
0.0234375
0.046875
0.00390625
0.0
0.0
0.00390625
0.01171875
0.16015625
0.30078125
0.0078125
0.00390625
0.0
0.01171875
0.00390625
0.0078125
0.0078125
0.01171875
0.00390625
0.0
0.02734375
0.02734375
0.09375
0.0
0.00390625
0.0390625
0.0
0.0
0.0
0.0
0.0
0.0
0.00390625
0.0
0.0
0.0
0.0
0.0
0.01171875
0.00390625
0.0
0.0
0.00390625
0.00390625
0.0
0.0
0.00390625
0.0
0.0
0.0
0.00390625
0.01171875
0.01171875
0.0
0.0
0.00390625
0.015625
0.0078125
0.0
0.00390625
0.015625
0.0390625
0.0
0.00390625
0.0
0.0
0.00390625
0.38671875
0.2109375
0.01171875
0.00390625
0.0
0.00390625
0.0
0.0
0.00390625
0.01953125
0.00390625
0.00390625
0.0078125
0.02734375
0.015625
0.0
0.0
0.15234375
0.00390625
0.0
0.0
0.0
0.0
0.01171875
0.0
0.0
0.0
0.00390625
0.00390625
0.0
0.0078125
0.00390625
0.0
0.0
0.00390625
0.00390625
0.0078125
0.0
0.00390625
0.00390625
0.0
0.0
0.0
0.01171875
0.0
0.0
0.0
0.0
0.00390625
0.0078125
0.0
0.00390625
0.01171875
0.11328125
0.01171875
0.00390625
0.00390625
0.0078125
0.01953125
0.23828125
0.25
0.03515625
0.0
0.0
0.00390625
0.00390625
0.00390625
0.0078125
0.03125
0.0
0.00390625
0.03125
0.0234375
0.06640625
0.0
0.0
0.08984375
0.00390625
0.0
0.01171875
0.0
0.0
0.0
0.00390625
0.00390625
0.00390625
0.00390625
0.0
0.00390625
0.00390625
0.0078125
0.0
0.0
0.0
0.0
0.0
0.0
0.00390625
0.0
0.00390625
0.0
0.0
0.00390625
0.01171875
0.0
0.0
0.0
0.015625
0.015625
0.0
0.0078125
0.0234375
0.078125
0.01171875
0.0078125
0.0078125
0.0
0.00390625
0.2109375
0.24609375
0.03125
0.0
0.0
0.0
0.00390625
0.00390625
0.02734375
0.0625
0.00390625
0.00390625
0.05078125
0.05078125
0.0078125
0.0
0.0
0.03125
0.00390625
0.0
0.0
0.00390625
0.0
0.00390625
0.00390625
0.00390625
0.00390625
0.00390625
0.0
0.0
0.00390625
0.00390625
0.0
0.0
0.0
0.0
0.0
0.00390625
0.0
0.0
0.0
0.00390625
0.0
0.00390625
0.01953125
0.00390625
0.0
0.0
0.03125
0.06640625
0.00390625
0.00390625
0.03515625
0.046875
0.01171875
0.00390625
0.00390625
0.0
0.00390625
0.08203125
0.359375
0.04296875
0.0
0.01171875
0.00390625
0.00390625
0.00390625
0.0078125
0.015625
0.0
0.0078125
0.04296875
0.0234375
0.0234375
0.00390625
0.00390625
0.09765625
0.0
0.00390625
0.00390625
0.0
0.0078125
0.0078125
0.01953125
0.00390625
0.0
0.00390625
0.0
0.0
0.00390625
0.00390625
0.0
0.0
0.0
0.0078125
0.01171875
0.015625
0.0078125
0.0
0.0
0.00390625
0.00390625
0.0
0.0
0.0
0.0
0.00390625
0.0234375
0.0234375
0.0
0.00390625
0.01171875
0.05078125
0.015625
0.00390625
0.00390625
0.00390625
0.0
0.1015625
0.2890625
0.01953125
0.00390625
0.0078125
0.00390625
0.00390625
0.0
0.00390625
0.015625
0.0078125
0.0
0.015625
0.00390625
0.015625
0.0
0.0
0.046875
0.01171875
0.0
0.0
0.0
0.0
0.01171875
0.0
0.01171875
0.0
0.0
0.0
0.00390625
0.015625
0.0
0.0
0.0
0.0
0.0
0.0
0.0
0.0
0.0
0.0
0.00390625
0.0
0.01171875
0.0
0.0
0.0
0.0
0.00390625
0.00390625
0.0
0.00390625
0.0078125
0.0546875
0.00390625
0.0
0.0078125
0.0
0.0
0.33203125
0.30078125
0.046875
0.00390625
0.01171875
0.00390625
0.0078125
0.0078125
0.01171875
0.04296875
0.0
0.0
0.04296875
0.06640625
0.02734375
0.0
0.0
0.01171875
0.0078125
0.00390625
0.0
0.0
0.00390625
0.0078125
0.0078125
0.0
0.0078125
0.0
0.00390625
0.0
0.0078125
0.01171875
0.0
0.0
0.00390625
0.00390625
0.01171875
0.0
0.0
0.0
0.0
0.0
0.01171875
0.00390625
0.00390625
0.00390625
0.0
0.01171875
0.0546875
0.046875
0.0
0.0078125
0.0390625
0.046875
0.0078125
0.00390625
0.01171875
0.01171875
0.0
0.109375
0.2578125
0.03515625
0.00390625
0.00390625
0.0078125
0.0078125
0.00390625
0.00390625
0.0234375
0.0
0.0078125
0.05078125
0.03515625
0.01171875
0.0
0.0
0.01953125
0.00390625
0.0
0.0
0.0
0.0
0.00390625
0.0
0.0
0.00390625
0.0
0.00390625
0.00390625
0.0078125
0.0
0.0
0.0
0.0
0.00390625
0.00390625
0.0078125
0.00390625
0.0
0.0
0.0
0.0078125
0.00390625
0.0078125
0.0
0.0078125
0.0234375
0.04296875
0.00390625
0.0
0.00390625
0.0390625
0.0234375
0.0078125
0.0
0.0
0.0078125
0.01171875
0.09765625
0.44921875
0.01953125
0.00390625
0.015625
0.0078125
0.0078125
0.0
0.01171875
0.03125
0.0
0.0078125
0.05859375
0.03515625
0.00390625
0.0
0.0
0.0078125
0.01171875
0.0
0.00390625
0.0
0.0
0.0078125
0.0
0.0078125
0.0
0.00390625
0.0
0.0
0.0
0.00390625
0.0
0.0
0.0
0.0
0.0078125
0.00390625
0.00390625
0.0
0.0
0.00390625
0.0
0.00390625
0.0078125
0.0
0.0
0.0078125
0.06640625
0.03515625
0.00390625
0.01171875
0.0390625
0.0078125
0.00390625
0.0078125
0.01171875
0.0
0.0
0.06640625
0.45703125
0.046875
0.00390625
0.00390625
0.00390625
0.0
0.0
0.01171875
0.0625
0.0078125
0.0078125
0.03515625
0.0703125
0.01953125
0.0
0.0
0.02734375
0.0
0.0
0.0
0.0
0.0
0.00390625
0.00390625
0.0
0.0078125
0.0
0.0
0.0
0.0078125
0.00390625
0.0
0.0
0.0
0.0
0.00390625
0.00390625
0.0
0.0
0.0
0.0
0.0078125
0.00390625
0.01953125
0.00390625
0.0
0.0234375
0.05859375
0.03515625
0.00390625
0.0078125
0.05078125
0.01171875
0.00390625
0.01171875
0.0
0.0
0.0
0.1015625
0.3203125
0.03125
0.0
0.0
0.0
0.0
0.015625
0.0078125
0.015625
0.00390625
0.00390625
0.08984375
0.0703125
0.01171875
0.00390625
0.0
0.0234375
0.0
0.00390625
0.00390625
0.0
0.0
0.0
0.00390625
0.0
0.00390625
0.0
0.0
0.0
0.00390625
0.0
0.0
0.0
0.0
0.0
0.0
0.0
0.01953125
0.00390625
0.0
0.0
0.00390625
0.0
0.01171875
0.0
0.0
0.00390625
0.04296875
0.09375
0.0078125
0.00390625
0.05859375
0.01953125
0.00390625
0.0
0.0
0.0078125
0.0
0.046875
0.3125
0.046875
0.0
0.00390625
0.01953125
0.0
0.00390625
0.00390625
0.01953125
0.00390625
0.0
0.01953125
0.03515625
0.00390625
0.0
0.0
0.015625
0.0
0.0
0.0
0.0
0.00390625
0.0078125
0.0
0.01953125
0.00390625
0.0
0.0
0.0
0.00390625
0.00390625
0.0
0.0
0.00390625
0.00390625
0.00390625
0.00390625
0.01171875
0.0
0.0
0.0
0.0078125
0.01171875
0.0
0.0
0.0078125
0.00390625
0.03515625
0.03515625
0.0078125
0.0
0.01953125
0.01171875
0.00390625
0.00390625
0.0
0.00390625
0.0
0.05078125
0.48828125
0.02734375
0.00390625
0.00390625
0.0
0.0078125
0.0
0.01171875
0.0390625
0.0078125
0.0
0.04296875
0.05859375
0.0078125
0.00390625
0.00390625
0.0625
0.0
0.0
0.0
0.0
0.0
0.00390625
0.0078125
0.0
0.015625
0.00390625
0.0
0.0
0.00390625
0.0
0.0
0.0
0.00390625
0.00390625
0.00390625
0.0078125
0.0
0.00390625
0.0
0.00390625
0.0078125
0.01171875
0.015625
0.0
0.0
0.00390625
0.0234375
0.08203125
0.00390625
0.0
0.04296875
0.02734375
0.01953125
0.0078125
0.00390625
0.0078125
0.00390625
0.1015625
0.29296875
0.03515625
0.0
0.0
0.0
0.0
0.01171875
0.01953125
0.07421875
0.01171875
0.0
0.07421875
0.04296875
0.0078125
0.00390625
0.0
0.0390625
0.00390625
0.00390625
0.0
0.0
0.0
0.01171875
0.0
0.0
0.01171875
0.0
0.0
0.0
0.0078125
0.00390625
0.0
0.0
0.0
0.015625
0.01171875
0.0
0.01171875
0.0
0.0
0.0
0.0
0.01171875
0.01171875
0.0
0.0
0.0
0.06640625
0.0625
0.0078125
0.00390625
0.0546875
0.046875
0.0078125
0.0078125
0.0
0.0
0.0
0.05859375
0.2578125
0.03125
0.00390625
0.01953125
0.00390625
0.00390625
0.01171875
0.015625
0.0234375
0.00390625
0.00390625
0.09765625
0.0234375
0.00390625
0.0
0.00390625
0.078125
0.0078125
0.0
0.0078125
0.0
0.0
0.01171875
0.0
0.00390625
0.00390625
0.0
0.0
0.0
0.0
0.0
0.0
0.0
0.0
0.00390625
0.0078125
0.0
0.0
0.0
0.0
0.0
0.00390625
0.0078125
0.00390625
0.00390625
0.0
0.015625
0.02734375
0.05859375
0.0078125
0.00390625
0.03125
0.078125
0.0234375
0.0078125
0.0078125
0.00390625
0.0
0.078125
0.26171875
0.0390625
0.0
0.015625
0.00390625
0.00390625
0.0078125
0.01171875
0.01171875
0.0078125
0.0
0.01171875
0.046875
0.0078125
0.0
0.0
0.01953125
0.00390625
0.00390625
0.0078125
0.0
0.0
0.0078125
0.0078125
0.00390625
0.0078125
0.0
0.0
0.00390625
0.0
0.01171875
0.0
0.00390625
0.00390625
0.0078125
0.01953125
0.0
0.015625
0.0
0.0
0.0
0.0
0.0078125
0.015625
0.0
0.0
0.0
0.015625
0.06640625
0.0
0.00390625
0.03515625
0.015625
0.0
0.00390625
0.00390625
0.0078125
0.01171875
0.05859375
0.45703125
0.01953125
0.0
0.0
0.0078125
0.0
0.00390625
0.00390625
0.02734375
0.0
0.0
0.01171875
0.02734375
0.03515625
0.0
0.00390625
0.05859375
0.0
0.0
0.0
0.0
0.0
0.0078125
0.0
0.0
0.0
0.0
0.0
0.0
0.0
0.0
0.0
0.0
0.0
0.0
0.01171875
0.0
0.015625
0.0
0.0
0.0
0.0
0.0
0.00390625
0.0
0.0
0.0
0.01171875
0.01953125
0.00390625
0.0
0.0
0.12109375
0.01171875
0.0078125
0.01171875
0.00390625
0.00390625
0.12109375
0.3828125
0.04296875
0.0078125
0.0
0.00390625
0.00390625
0.0
0.01171875
0.0625
0.0078125
0.0078125
0.05859375
0.0390625
0.00390625
0.0
0.0
0.0078125
0.00390625
0.00390625
0.0
0.0
0.0
0.00390625
0.0
0.015625
0.01171875
0.0
0.0
0.0
0.00390625
0.0
0.0
0.0
0.0
0.015625
0.0
0.0
0.0
0.0
0.0
0.0
0.0078125
0.0
0.03125
0.0
0.00390625
0.0078125
0.046875
0.0859375
0.015625
0.0
0.03515625
0.0234375
0.00390625
0.01171875
0.0
0.0
0.0078125
0.05859375
0.28125
0.015625
0.0
0.0
0.0
0.0078125
0.0
0.015625
0.0546875
0.0
0.0
0.0234375
0.109375
0.0
0.0
0.00390625
0.0078125
0.01171875
0.0
0.0
0.0
0.00390625
0.0078125
0.0
0.00390625
0.0078125
0.00390625
0.00390625
0.00390625
0.0
0.00390625
0.0
0.0
0.0
0.0078125
0.01171875
0.0
0.0
0.0
0.0
0.0078125
0.01171875
0.01953125
0.01953125
0.0078125
0.0
0.015625
0.03515625
0.07421875
0.0078125
0.0
0.02734375
0.015625
0.00390625
0.0
0.0
0.0
0.00390625
0.0625
0.37890625
0.03515625
0.00390625
0.02734375
0.01171875
0.0
0.01171875
0.0078125
0.03125
0.00390625
0.00390625
0.02734375
0.07421875
0.03515625
0.00390625
0.0078125
0.03515625
0.0
0.0
0.0
0.00390625
0.0
0.0
0.0
0.00390625
0.0
0.00390625
0.0
0.0
0.0
0.0
0.00390625
0.0
0.0
0.00390625
0.01171875
0.01171875
0.0
0.0
0.0
0.00390625
0.0
0.0
0.015625
0.0
0.0
0.03125
0.0390625
0.015625
0.00390625
0.00390625
0.0234375
0.02734375
0.0078125
0.01171875
0.00390625
0.015625
0.00390625
0.10546875
0.32421875
0.06640625
0.0078125
0.0078125
0.00390625
0.0078125
0.0
0.00390625
0.02734375
0.00390625
0.00390625
0.0078125
0.0234375
0.0390625
0.0078125
0.0
0.0078125
0.015625
0.0
0.0
0.0
0.0
0.00390625
0.0078125
0.00390625
0.00390625
0.0
0.0
0.0
0.015625
0.0
0.0
0.0
0.0
0.0
0.0
0.00390625
0.00390625
0.0
0.00390625
0.0078125
0.0
0.0078125
0.0
0.0
0.0
0.0078125
0.02734375
0.00390625
0.0
0.00390625
0.01953125
0.0
0.0
0.015625
0.0078125
0.01953125
0.0078125
0.1484375
0.44140625
0.05078125
0.00390625
0.02734375
0.015625
0.0078125
0.0078125
0.00390625
0.00390625
0.0
0.00390625
0.01171875
0.03125
0.0
0.00390625
0.0
0.00390625
0.00390625
0.0
0.0
0.00390625
0.0
0.0
0.01953125
0.00390625
0.00390625
0.0
0.0
0.00390625
0.00390625
0.01171875
0.00390625
0.0
0.00390625
0.0
0.01171875
0.01171875
0.00390625
0.0
0.0
0.00390625
0.0078125
0.01171875
0.0
0.0
0.0
0.0
0.00390625
0.0
0.0
0.0
0.01953125
0.0
0.00390625
0.0078125
0.00390625
0.01171875
0.00390625
0.11328125
0.54296875
0.03125
0.0
0.05859375
0.0078125
0.0078125
0.015625
0.0078125
0.015625
0.00390625
0.00390625
0.01171875
0.0078125
0.0078125
0.00390625
0.00390625
0.015625
0.0078125
0.0
0.0
0.0
0.0
0.01953125
0.02734375
0.00390625
0.0078125
0.0
0.0
0.0
0.0078125
0.0
0.0
0.0
0.00390625
0.0
0.01171875
0.0078125
0.0078125
0.0
0.0
0.0
0.00390625
0.01953125
0.0
0.0
0.0
0.00390625
0.015625
0.0
0.0
0.0
0.0234375
0.01171875
0.0078125
0.0078125
0.00390625
0.0078125
0.00390625
0.0859375
0.43359375
0.02734375
0.015625
0.015625
0.00390625
0.00390625
0.01171875
0.0078125
0.015625
0.00390625
0.0
0.02734375
0.015625
0.01171875
0.0
0.0
0.1015625
0.00390625
0.0
0.00390625
0.0
0.00390625
0.01171875
0.00390625
0.0
0.0
0.0
0.0
0.0
0.0078125
0.0
0.0
0.0
0.00390625
0.0
0.015625
0.01171875
0.0
0.0
0.0
0.0
0.0
0.00390625
0.00390625
0.0
0.0
0.00390625
0.0
0.0078125
0.00390625
0.0
0.0
0.0546875
0.0078125
0.00390625
0.0078125
0.0078125
0.01171875
0.16796875
0.32421875
0.03125
0.015625
0.01171875
0.01953125
0.01171875
0.00390625
0.0234375
0.03125
0.0078125
0.0078125
0.0234375
0.05078125
0.01953125
0.00390625
0.00390625
0.046875
0.0078125
0.0078125
0.0078125
0.0
0.0078125
0.00390625
0.00390625
0.00390625
0.0
0.00390625
0.0
0.0
0.015625
0.0
0.0
0.0
0.0
0.0
0.00390625
0.015625
0.0078125
0.00390625
0.0
0.0
0.0078125
0.00390625
0.0078125
0.0
0.0078125
0.00390625
0.02734375
0.01171875
0.0078125
0.00390625
0.01953125
0.0078125
0.01171875
0.01171875
0.01171875
0.0
0.015625
0.1015625
0.33203125
0.05078125
0.0078125
0.03125
0.0234375
0.015625
0.0078125
0.0234375
0.03515625
0.00390625
0.00390625
0.01171875
0.01171875
0.0078125
0.00390625
0.0
0.00390625
0.015625
0.0
0.0
0.0
0.0
0.0078125
0.01953125
0.00390625
0.00390625
0.0
0.0
0.0
0.01953125
0.0078125
0.00390625
0.00390625
0.0
0.0
0.01171875
0.0234375
0.00390625
0.0
0.0
0.0
0.00390625
0.015625
0.0078125
0.00390625
0.0
0.00390625
0.00390625
0.0078125
0.00390625
0.00390625
0.00390625
0.0
0.00390625
0.0078125
0.00390625
0.01953125
0.01171875
0.08203125
0.4453125
0.078125
0.00390625
0.05859375
0.01171875
0.0078125
0.01171875
0.0234375
0.015625
0.00390625
0.0
0.00390625
0.01953125
0.00390625
0.0
0.0078125
0.01953125
0.0
0.00390625
0.0
0.0
0.0
0.01171875
0.05078125
0.00390625
0.0
0.0
0.0
0.0
0.0078125
0.00390625
0.00390625
0.0
0.00390625
0.0
0.01171875
0.02734375
0.0
0.0
0.0
0.0
0.0
0.00390625
0.00390625
0.0
0.0
0.01171875
0.01171875
0.01953125
0.00390625
0.00390625
0.00390625
0.0078125
0.0
0.0078125
0.00390625
0.0390625
0.0
0.10546875
0.375
0.05859375
0.00390625
0.01953125
0.0078125
0.0
0.015625
0.015625
0.04296875
0.0
0.0
0.02734375
0.0234375
0.015625
0.0
0.0
0.0234375
0.0
0.00390625
0.0
0.0
0.0
0.01953125
0.03515625
0.0078125
0.0
0.0
0.0
0.0
0.00390625
0.00390625
0.0
0.0
0.0
0.0
0.0
0.0234375
0.0078125
0.0
0.0
0.0
0.0
0.01171875
0.00390625
0.0
0.00390625
0.015625
0.015625
0.0
0.0
0.0
0.02734375
0.00390625
0.00390625
0.00390625
0.01171875
0.01953125
0.0
0.06640625
0.453125
0.046875
0.00390625
0.0703125
0.015625
0.00390625
0.0078125
0.0
0.0
0.0
0.0
0.0
0.01953125
0.0
0.0
0.00390625
0.00390625
0.0
0.0
0.0
0.0
0.0
0.0078125
0.05078125
0.0
0.0
0.0
0.0
0.0
0.0078125
0.01171875
0.00390625
0.0
0.0
0.0
0.0
0.03125
0.0078125
0.0
0.0
0.0
0.0
0.0078125
0.0
0.0
0.0
0.0
0.0078125
0.0
0.0
0.0
0.00390625
0.00390625
0.00390625
0.00390625
0.0
0.03125
0.0078125
0.06640625
0.50390625
0.06640625
0.00390625
0.02734375
0.01171875
0.00390625
0.00390625
0.0078125
0.015625
0.0
0.00390625
0.01171875
0.0
0.0
0.0
0.00390625
0.0
0.01171875
0.00390625
0.0
0.0
0.0
0.00390625
0.01171875
0.01953125
0.01171875
0.0
0.0
0.0
0.01171875
0.00390625
0.0
0.0
0.00390625
0.0
0.0078125
0.015625
0.00390625
0.0
0.0078125
0.00390625
0.00390625
0.00390625
0.00390625
0.0
0.0
0.00390625
0.00390625
0.01171875
0.0078125
0.00390625
0.0
0.00390625
0.0078125
0.0078125
0.00390625
0.0078125
0.0078125
0.08203125
0.4921875
0.06640625
0.0
0.0234375
0.01171875
0.01171875
0.0078125
0.01171875
0.015625
0.00390625
0.0
0.0078125
0.03515625
0.00390625
0.0
0.0
0.00390625
0.00390625
0.0
0.00390625
0.0
0.0
0.0078125
0.0234375
0.015625
0.00390625
0.0
0.0
0.0
0.00390625
0.0078125
0.0
0.0
0.0
0.00390625
0.00390625
0.0234375
0.01171875
0.0
0.0
0.00390625
0.0
0.0078125
0.01171875
0.00390625
0.0
0.01171875
0.03125
0.01171875
0.0
0.00390625
0.03125
0.00390625
0.0
0.00390625
0.015625
0.01171875
0.0
0.125
0.40625
0.0625
0.0
0.0703125
0.02734375
0.00390625
0.0078125
0.0234375
0.02734375
0.0
0.0
0.0
0.00390625
0.0
0.0
0.0
0.01171875
0.00390625
0.0078125
0.0078125
0.0
0.0
0.015625
0.015625
0.00390625
0.0078125
0.00390625
0.0
0.0
0.0078125
0.0078125
0.0
0.0078125
0.00390625
0.0
0.0
0.0546875
0.00390625
0.0
0.0
0.0
0.0
0.0
0.00390625
0.00390625
0.00390625
0.0
0.015625
0.01171875
0.0
0.01171875
0.0
0.0
0.00390625
0.0078125
0.00390625
0.0234375
0.0078125
0.1015625
0.41015625
0.0625
0.00390625
0.046875
0.00390625
0.015625
0.00390625
0.01171875
0.015625
0.0
0.0
0.0078125
0.0078125
0.0
0.0
0.0
0.01171875
0.00390625
0.0
0.0
0.0
0.0
0.01171875
0.0625
0.015625
0.0078125
0.0
0.0
0.0
0.0078125
0.0
0.00390625
0.0
0.0
0.0
0.0078125
0.02734375
0.01171875
0.0
0.00390625
0.0078125
0.00390625
0.00390625
0.0
0.0
0.0
0.0
0.0
0.01953125
0.00390625
0.0
0.0078125
0.0
0.01171875
0.0078125
0.0078125
0.02734375
0.0078125
0.1015625
0.43359375
0.078125
0.01171875
0.05078125
0.01171875
0.0078125
0.0078125
0.01171875
0.015625
0.0
0.0
0.015625
0.0078125
0.01171875
0.00390625
0.0
0.015625
0.0
0.0078125
0.0
0.0
0.0
0.0
0.04296875
0.0078125
0.00390625
0.00390625
0.0
0.0
0.0078125
0.0078125
0.0
0.0
0.0
0.0
0.00390625
0.0234375
0.02734375
0.0
0.0
0.01171875
0.0
0.00390625
0.00390625
0.0
0.0
0.0078125
0.0078125
0.00390625
0.0
0.00390625
0.015625
0.0
0.00390625
0.00390625
0.00390625
0.046875
0.0
0.12109375
0.375
0.05859375
0.01171875
0.03125
0.0078125
0.00390625
0.00390625
0.00390625
0.03125
0.0
0.00390625
0.0
0.03515625
0.00390625
0.0
0.0
0.00390625
0.0
0.00390625
0.0
0.0
0.00390625
0.0
0.03515625
0.0078125
0.0
0.00390625
0.0
0.0
0.00390625
0.0078125
0.0
0.0
0.00390625
0.0
0.00390625
0.01171875
0.01171875
0.0
0.0
0.00390625
0.0
0.00390625
0.0
0.0
0.00390625
0.00390625
0.01953125
0.0
0.0
0.0
0.0234375
0.0
0.0
0.00390625
0.0
0.02734375
0.015625
0.09375
0.44140625
0.06640625
0.0
0.00390625
0.0078125
0.0
0.0
0.01171875
0.02734375
0.0
0.0078125
0.05078125
0.0703125
0.01171875
0.0
0.0
0.01171875
0.0
0.0
0.0078125
0.0
0.0
0.0
0.015625
0.0078125
0.00390625
0.0078125
0.0
0.0
0.00390625
0.0078125
0.0
0.0
0.00390625
0.00390625
0.00390625
0.00390625
0.01171875
0.0
0.00390625
0.0
0.0
0.00390625
0.03125
0.0
0.00390625
0.01171875
0.03515625
0.015625
0.00390625
0.0
0.0234375
0.015625
0.0078125
0.015625
0.0
0.01171875
0.0
0.05859375
0.34375
0.05859375
0.00390625
0.01953125
0.0078125
0.0078125
0.00390625
0.00390625
0.06640625
0.00390625
0.0
0.0234375
0.046875
0.00390625
0.00390625
0.0
0.00390625
0.0
0.00390625
0.0
0.0
0.0
0.0
0.0390625
0.0078125
0.01171875
0.0
0.0
0.0
0.00390625
0.0
0.0
0.0
0.0
0.00390625
0.0
0.01953125
0.0
0.0
0.00390625
0.0
0.0
0.0078125
0.0078125
0.0
0.0
0.01171875
0.046875
0.01953125
0.00390625
0.0
0.015625
0.00390625
0.0078125
0.01171875
0.00390625
0.02734375
0.0
0.0703125
0.41015625
0.078125
0.00390625
0.0234375
0.0
0.0078125
0.0078125
0.01953125
0.03125
0.0
0.00390625
0.01953125
0.0390625
0.01953125
0.0
0.0
0.00390625
0.0
0.0
0.0
0.0
0.0
0.0078125
0.0234375
0.00390625
0.0
0.0
0.0
0.0
0.00390625
0.0
0.0
0.0
0.0
0.00390625
0.00390625
0.0234375
0.015625
0.00390625
0.0
0.0
0.00390625
0.0
0.00390625
0.0
0.00390625
0.01171875
0.01953125
0.015625
0.0
0.0
0.0234375
0.0
0.0078125
0.00390625
0.00390625
0.02734375
0.015625
0.11328125
0.3984375
0.078125
0.0078125
0.02734375
0.0078125
0.0
0.015625
0.0234375
0.03125
0.0078125
0.00390625
0.01171875
0.01171875
0.0078125
0.00390625
0.0
0.0078125
0.0078125
0.0078125
0.0
0.0
0.0
0.0078125
0.046875
0.0
0.00390625
0.0
0.0
0.0
0.0
0.00390625
0.0
0.0
0.0
0.0
0.0
0.0234375
0.00390625
0.0
0.0
0.0
0.0078125
0.0078125
0.01171875
0.0
0.0
0.0
0.015625
0.01171875
0.01171875
0.0
0.015625
0.0
0.0
0.01171875
0.00390625
0.02734375
0.0
0.10546875
0.41796875
0.0703125
0.00390625
0.01171875
0.015625
0.01953125
0.0
0.015625
0.03515625
0.0
0.00390625
0.015625
0.03515625
0.00390625
0.0
0.0078125
0.00390625
0.0
0.0
0.0
0.0
0.00390625
0.015625
0.0
0.00390625
0.0078125
0.0
0.0
0.00390625
0.0078125
0.00390625
0.0
0.0
0.00390625
0.0
0.00390625
0.0
0.0
0.00390625
0.0
0.0
0.00390625
0.00390625
0.00390625
0.0
0.00390625
0.0
0.0234375
0.00390625
0.00390625
0.0
0.0234375
0.0
0.00390625
0.0
0.01171875
0.01171875
0.0078125
0.0703125
0.5234375
0.0703125
0.0
0.01953125
0.0078125
0.01171875
0.01171875
0.01171875
0.03515625
0.0
0.00390625
0.03515625
0.03515625
0.01171875
0.0
0.0
0.00390625
0.0
0.00390625
0.0
0.0
0.0
0.0
0.03515625
0.0
0.0
0.00390625
0.0
0.0
0.0
0.00390625
0.0
0.00390625
0.0
0.0
0.0
0.03125
0.00390625
0.0
0.0
0.0
0.00390625
0.00390625
0.01171875
0.0
0.0078125
0.01171875
0.0078125
0.0078125
0.00390625
0.0
0.01953125
0.0
0.00390625
0.0078125
0.0078125
0.03515625
0.0
0.08984375
0.37109375
0.05859375
0.0
0.0078125
0.01171875
0.0078125
0.01171875
0.01171875
0.046875
0.0
0.00390625
0.01953125
0.0703125
0.01953125
0.0
0.00390625
0.0
0.00390625
0.0
0.0078125
0.0
0.0
0.0078125
0.0
0.0
0.0
0.0
0.0
0.0
0.00390625
0.0
0.00390625
0.0
0.0
0.0078125
0.0078125
0.0
0.0
0.0
0.00390625
0.0
0.00390625
0.00390625
0.01171875
0.00390625
0.0
0.01953125
0.0859375
0.015625
0.0
0.00390625
0.046875
0.0078125
0.00390625
0.0
0.00390625
0.00390625
0.00390625
0.0625
0.3359375
0.04296875
0.00390625
0.00390625
0.0
0.0
0.00390625
0.0078125
0.0703125
0.0
0.0
0.0078125
0.046875
0.00390625
0.0
0.0
0.01171875
0.0
0.00390625
0.00390625
0.0
0.0
0.0078125
0.0
0.0078125
0.0
0.00390625
0.0
0.0
0.0
0.00390625
0.0
0.00390625
0.0
0.00390625
0.01953125
0.0078125
0.0
0.0
0.0
0.0078125
0.0
0.00390625
0.02734375
0.0
0.0
0.0078125
0.08203125
0.0234375
0.0
0.00390625
0.04296875
0.015625
0.0
0.0
0.0078125
0.0
0.00390625
0.06640625
0.4375
0.03515625
0.00390625
0.00390625
0.00390625
0.00390625
0.0
0.0078125
0.140625
0.0
0.0
0.0546875
0.01953125
0.0
0.0
0.0
0.0078125
0.0
0.015625
0.0
0.0
0.00390625
0.00390625
0.0
0.00390625
0.00390625
0.0
0.0
0.0
0.0078125
0.00390625
0.00390625
0.0
0.0
0.0
0.0
0.0078125
0.0
0.00390625
0.0
0.0
0.00390625
0.0
0.02734375
0.00390625
0.00390625
0.015625
0.05078125
0.015625
0.00390625
0.0078125
0.0546875
0.01953125
0.0078125
0.0
0.0
0.0
0.0
0.07421875
0.37109375
0.05859375
0.00390625
0.0078125
0.0078125
0.00390625
0.0
0.02734375
0.0625
0.00390625
0.00390625
0.0546875
0.07421875
0.01171875
0.00390625
0.0
0.00390625
0.0
0.00390625
0.0
0.0
0.0
0.0
0.0
0.0
0.0
0.0
0.0
0.0
0.01171875
0.0078125
0.0
0.0
0.0
0.0078125
0.00390625
0.00390625
0.01171875
0.0
0.0
0.00390625
0.01171875
0.0
0.0078125
0.0
0.0
0.0078125
0.05078125
0.0703125
0.00390625
0.00390625
0.03125
0.00390625
0.00390625
0.0
0.00390625
0.0
0.01171875
0.0703125
0.3359375
0.05078125
0.00390625
0.0078125
0.0
0.00390625
0.01171875
0.01171875
0.03515625
0.00390625
0.0078125
0.015625
0.0390625
0.01171875
0.0
0.0
0.00390625
0.00390625
0.00390625
0.0
0.0
0.0
0.00390625
0.0078125
0.0078125
0.00390625
0.0
0.0
0.0
0.00390625
0.0
0.0
0.0
0.00390625
0.0
0.01171875
0.01171875
0.0
0.0
0.0
0.00390625
0.0078125
0.01171875
0.015625
0.0078125
0.0
0.00390625
0.03515625
0.01953125
0.00390625
0.00390625
0.01953125
0.00390625
0.015625
0.0078125
0.00390625
0.00390625
0.00390625
0.07421875
0.484375
0.0546875
0.01171875
0.0546875
0.00390625
0.0078125
0.01171875
0.0078125
0.0
0.0
0.0
0.0
0.00390625
0.0
0.00390625
0.0
0.0
0.00390625
0.0
0.00390625
0.0
0.00390625
0.0
0.05859375
0.0
0.0
0.0
0.00390625
0.0
0.00390625
0.015625
0.00390625
0.0
0.0
0.0
0.00390625
0.0234375
0.0
0.0
0.0
0.0
0.0
0.0
0.0078125
0.0
0.0
0.0
0.00390625
0.0
0.00390625
0.0
0.00390625
0.0
0.00390625
0.0
0.0
0.03125
0.01171875
0.08984375
0.49609375
0.02734375
0.0
0.015625
0.00390625
0.0
0.0
0.0078125
0.0390625
0.0
0.00390625
0.0234375
0.03125
0.0234375
0.0
0.0
0.03125
0.0078125
0.0
0.0
0.0
0.0
0.0
0.01171875
0.015625
0.0
0.00390625
0.0
0.0
0.00390625
0.0
0.0
0.0
0.0
0.0
0.00390625
0.01171875
0.00390625
0.0
0.0
0.0
0.0
0.0
0.01171875
0.00390625
0.0
0.00390625
0.03125
0.0546875
0.0
0.0
0.0390625
0.03125
0.0078125
0.0078125
0.0
0.0078125
0.0
0.0390625
0.37109375
0.04296875
0.0
0.0
0.0
0.0078125
0.0078125
0.02734375
0.078125
0.0
0.00390625
0.0859375
0.0625
0.0234375
0.0
0.0
0.01171875
0.00390625
0.0
0.0
0.0
0.0
0.0
0.0
0.0
0.0078125
0.0
0.00390625
0.0
0.00390625
0.0
0.0
0.0
0.0
0.00390625
0.0078125
0.0
0.0
0.0
0.0
0.00390625
0.00390625
0.00390625
0.0234375
0.0
0.0078125
0.0078125
0.02734375
0.0546875
0.0
0.00390625
0.03125
0.02734375
0.00390625
0.0
0.0
0.0
0.0078125
0.0546875
0.29296875
0.04296875
0.0
0.0
0.00390625
0.00390625
0.0
0.0
0.11328125
0.0078125
0.00390625
0.0078125
0.0703125
0.015625
0.00390625
0.0
0.0078125
0.00390625
0.01171875
0.0
0.0
0.00390625
0.0
0.0
0.0
0.015625
0.0
0.0
0.0
0.0
0.0
0.0
0.0
0.0
0.0
0.0
0.0
0.0
0.0
0.0
0.0
0.0
0.00390625
0.0234375
0.0
0.00390625
0.01953125
0.078125
0.07421875
0.00390625
0.00390625
0.02734375
0.03515625
0.0
0.0078125
0.0
0.0
0.0
0.109375
0.23046875
0.0390625
0.0
0.00390625
0.0
0.0
0.00390625
0.01171875
0.07421875
0.0
0.0
0.0234375
0.0859375
0.0
0.0
0.0
0.0078125
0.0078125
0.0
0.0078125
0.0
0.0
0.0
0.0
0.00390625
0.0078125
0.0
0.0
0.0
0.00390625
0.0
0.0
0.0
0.0
0.0
0.0
0.00390625
0.00390625
0.0
0.0
0.0
0.0078125
0.00390625
0.02734375
0.0
0.0
0.015625
0.0703125
0.0390625
0.015625
0.0
0.0625
0.01171875
0.0078125
0.0
0.00390625
0.00390625
0.00390625
0.0546875
0.3203125
0.04296875
0.0
0.0
0.0
0.0
0.0
0.015625
0.06640625
0.0
0.00390625
0.01953125
0.03515625
0.0078125
0.0
0.0
0.015625
0.0
0.0078125
0.0078125
0.0
0.0
0.0
0.0078125
0.0078125
0.0078125
0.0
0.0
0.0
0.00390625
0.0
0.0
0.0
0.0
0.0078125
0.00390625
0.00390625
0.01171875
0.0
0.00390625
0.0
0.0078125
0.00390625
0.02734375
0.00390625
0.00390625
0.0078125
0.0390625
0.03515625
0.0
0.0
0.0234375
0.01953125
0.01171875
0.0
0.0
0.00390625
0.0
0.0625
0.40625
0.04296875
0.0
0.00390625
0.0
0.00390625
0.0078125
0.0078125
0.05859375
0.0
0.00390625
0.03515625
0.03125
0.01953125
0.0
0.0
0.00390625
0.01171875
0.0078125
0.0
0.0
0.0
0.0
0.0
0.0078125
0.00390625
0.00390625
0.0
0.0
0.0
0.0078125
0.0
0.0
0.00390625
0.00390625
0.00390625
0.0
0.01171875
0.0
0.0
0.0
0.0
0.0078125
0.0234375
0.00390625
0.0
0.0078125
0.02734375
0.0390625
0.0
0.0
0.01171875
0.03125
0.00390625
0.0078125
0.0
0.0078125
0.00390625
0.05078125
0.3671875
