0.04296875
0.00390625
0.05078125
0.00390625
0.00390625
0.015625
0.0078125
0.0078125
0.0
0.0
0.0
0.00390625
0.0
0.00390625
0.00390625
0.0
0.0
0.0
0.0
0.0
0.0
0.0
0.0546875
0.00390625
0.0
0.00390625
0.0
0.0
0.0078125
0.0
0.0
0.0
0.0
0.0
0.0078125
0.02734375
0.015625
0.0
0.0
0.0
0.0
0.0
0.0
0.00390625
0.0
0.0
0.00390625
0.0
0.0
0.0
0.00390625
0.0
0.00390625
0.0
0.0
0.03515625
0.0
0.07421875
0.484375
0.04296875
0.0
0.0390625
0.00390625
0.0
0.0
0.0
0.0078125
0.0
0.00390625
0.0
0.00390625
0.0
0.00390625
0.0
0.00390625
0.0
0.0
0.00390625
0.0
0.0
0.0
0.03515625
0.0078125
0.0
0.0
0.0
0.0
0.0
0.0
0.0
0.0
0.0
0.0
0.0
0.03515625
0.0078125
0.0
0.0
0.0
0.0
0.00390625
0.0
0.0
0.0
0.0
0.01171875
0.0
0.0
0.0
0.0
0.00390625
0.00390625
0.00390625
0.0
0.0234375
0.00390625
0.05078125
0.6328125
0.0390625
0.0
0.0390625
0.00390625
0.0
0.00390625
0.00390625
0.01171875
0.0
0.0
0.01171875
0.01171875
0.0
0.00390625
0.0
0.0
0.00390625
0.0
0.0
0.0
0.0
0.0078125
0.0625
0.0
0.0
0.0
0.0
0.00390625
0.0078125
0.0078125
0.0
0.0
0.0
0.0
0.00390625
0.01171875
0.0
0.00390625
0.0
0.0
0.0
0.0
0.01171875
0.0
0.00390625
0.0
0.00390625
0.01171875
0.0
0.0
0.00390625
0.0078125
0.0078125
0.0
0.01171875
0.04296875
0.0
0.05859375
0.53125
0.02734375
0.00390625
0.03515625
0.01171875
0.00390625
0.00390625
0.00390625
0.01171875
0.00390625
0.00390625
0.015625
0.00390625
0.0
0.0
0.0
0.01171875
0.00390625
0.00390625
0.0
0.00390625
0.0
0.00390625
0.0390625
0.0
0.00390625
0.0
0.0
0.00390625
0.0
0.0
0.0
0.0
0.00390625
0.0
0.00390625
0.0234375
0.0
0.00390625
0.0
0.0
0.0
0.00390625
0.00390625
0.0
0.0
0.00390625
0.01171875
0.00390625
0.0
0.00390625
0.00390625
0.0
0.0
0.0078125
0.0
0.01171875
0.0078125
0.0546875
0.58203125
0.03515625
0.0078125
0.03515625
0.015625
0.0
0.0078125
0.0
0.015625
0.00390625
0.00390625
0.0078125
0.0
0.0
0.00390625
0.0
0.0078125
0.0
0.0
0.0
0.00390625
0.0
0.00390625
0.015625
0.015625
0.0
0.0
0.0
0.00390625
0.00390625
0.00390625
0.0
0.00390625
0.0
0.0
0.0
0.01953125
0.01953125
0.0
0.0
0.0
0.0
0.0078125
0.0
0.0
0.0
0.0
0.00390625
0.0
0.0
0.0
0.00390625
0.00390625
0.0
0.01171875
0.01171875
0.01953125
0.00390625
0.04296875
0.58984375
0.03515625
0.0
0.07421875
0.0078125
0.00390625
0.00390625
0.0078125
0.0
0.0
0.0
0.0
0.0
0.0
0.0
0.0
0.00390625
0.0
0.0
0.0
0.0
0.0
0.0
0.02734375
0.00390625
0.0
0.0
0.0
0.0
0.0
0.00390625
0.0
0.0
0.0
0.0
0.0078125
0.03515625
0.00390625
0.0
0.0
0.0
0.0
0.0
0.00390625
0.0
0.0
0.0
0.00390625
0.0
0.0
0.0
0.0
0.00390625
0.00390625
0.0
0.00390625
0.01953125
0.0078125
0.046875
0.56640625
0.046875
0.0
0.05078125
0.0
0.00390625
0.015625
0.0
0.0
0.0
0.0
0.0
0.00390625
0.0
0.0
0.0
0.0
0.00390625
0.00390625
0.0
0.00390625
0.0
0.0078125
0.05078125
0.0
0.0
0.0
0.0
0.0
0.00390625
0.0
0.0
0.0
0.0
0.0
0.00390625
0.0234375
0.015625
0.0
0.0
0.0
0.0
0.01171875
0.00390625
0.0
0.0
0.0
0.0
0.00390625
0.0
0.0
0.0078125
0.0
0.0
0.0
0.0
0.03515625
0.0
0.0625
0.57421875
0.0390625
0.0
0.0546875
0.00390625
0.00390625
0.0
0.0
0.0
0.0
0.0
0.0
0.0
0.0
0.0
0.0
0.00390625
0.00390625
0.00390625
0.0
0.00390625
0.00390625
0.00390625
0.05078125
0.00390625
0.0
0.0
0.0
0.0
0.0
0.00390625
0.0
0.0
0.0
0.0
0.01953125
0.02734375
0.00390625
0.0
0.0
0.0
0.0
0.00390625
0.0
0.0
0.00390625
0.0
0.0
0.0
0.00390625
0.0
0.0078125
0.0
0.00390625
0.0
0.0078125
0.02734375
0.00390625
0.08203125
0.62109375
0.03515625
0.0078125
0.01953125
0.0078125
0.0078125
0.00390625
0.0078125
0.01171875
0.0
0.0078125
0.015625
0.0078125
0.00390625
0.0
0.00390625
0.00390625
0.0
0.0
0.00390625
0.0
0.0
0.01171875
0.0390625
0.0
0.00390625
0.0
0.00390625
0.0
0.00390625
0.0
0.0
0.0
0.0
0.00390625
0.0078125
0.0234375
0.00390625
0.0
0.0
0.0
0.0
0.0078125
0.00390625
0.0
0.00390625
0.00390625
0.0234375
0.015625
0.0
0.0
0.00390625
0.00390625
0.01171875
0.00390625
0.0078125
0.01953125
0.0
0.0703125
0.5703125
0.03515625
0.00390625
0.046875
0.00390625
0.00390625
0.0078125
0.01171875
0.0
0.0
0.0
0.00390625
0.0
0.0
0.0
0.0
0.0
0.0
0.00390625
0.0
0.0
0.0
0.01953125
0.0390625
0.0
0.0
0.0
0.0
0.00390625
0.00390625
0.0078125
0.0
0.0
0.0
0.0
0.0078125
0.015625
0.0
0.0
0.0
0.0
0.0
0.00390625
0.0
0.0
0.0
0.0
0.00390625
0.0
0.0
0.0
0.01171875
0.01171875
0.00390625
0.0078125
0.0078125
0.015625
0.00390625
0.06640625
0.64453125
0.0234375
0.00390625
0.05859375
0.01171875
0.0
0.0078125
0.01171875
0.015625
0.0
0.0
0.00390625
0.0078125
0.00390625
0.0
0.0
0.0078125
0.0078125
0.0
0.0
0.0
0.0
0.01953125
0.01953125
0.00390625
0.0
0.0
0.0
0.0
0.00390625
0.0
0.0
0.0
0.0
0.0
0.0078125
0.0
0.00390625
0.0
0.0
0.0
0.00390625
0.0
0.00390625
0.0
0.0
0.0
0.01953125
0.0
0.0
0.0
0.00390625
0.00390625
0.00390625
0.0078125
0.00390625
0.03125
0.00390625
0.05859375
0.6328125
0.0625
0.0
0.03515625
0.0078125
0.00390625
0.0
0.0078125
0.00390625
0.0
0.0
0.0
0.0
0.0078125
0.00390625
0.0
0.0
0.0
0.0
0.0
0.0
0.0
0.0078125
0.05859375
0.0
0.0
0.0
0.0
0.0
0.0
0.0
0.0
0.0
0.0
0.0
0.00390625
0.01171875
0.0078125
0.0
0.0
0.0
0.0
0.01171875
0.00390625
0.0
0.0
0.0
0.0
0.0
0.0
0.0
0.0078125
0.0
0.0
0.00390625
0.00390625
0.03125
0.00390625
0.0703125
0.578125
0.04296875
0.0
0.0625
0.0078125
0.0
0.0
0.0
0.0
0.00390625
0.0
0.0
0.00390625
0.0
0.0
0.0
0.0
0.00390625
0.0
0.00390625
0.0
0.0
0.00390625
0.0625
0.00390625
0.0
0.0
0.00390625
0.0
0.00390625
0.0
0.0
0.0
0.0
0.00390625
0.00390625
0.02734375
0.00390625
0.0
0.00390625
0.00390625
0.0
0.00390625
0.0078125
0.00390625
0.0
0.0
0.0
0.0
0.0
0.0
0.00390625
0.0
0.0
0.0078125
0.00390625
0.03125
0.00390625
0.0625
0.5546875
0.0234375
0.0078125
0.0703125
0.0078125
0.0
0.0
0.00390625
0.0078125
0.0
0.0
0.00390625
0.0
0.0
0.0
0.0
0.0078125
0.0
0.0
0.0
0.0
0.0
0.00390625
0.046875
0.0
0.0
0.0
0.0
0.0
0.0
0.0
0.0
0.0
0.0
0.00390625
0.00390625
0.015625
0.0
0.0
0.0
0.0
0.0
0.00390625
0.0
0.0
0.0
0.0
0.0078125
0.0
0.0
0.0
0.00390625
0.00390625
0.00390625
0.00390625
0.0
0.04296875
0.0
0.0546875
0.66796875
0.05078125
0.01171875
0.0234375
0.01953125
0.0078125
0.0078125
0.0078125
0.0078125
0.0
0.00390625
0.03125
0.0078125
0.0
0.0
0.0
0.0
0.0
0.0
0.0
0.0
0.00390625
0.0078125
0.0078125
0.0
0.0
0.0
0.0
0.0
0.01171875
0.0078125
0.0
0.0
0.0
0.0
0.015625
0.015625
0.0
0.00390625
0.0
0.0078125
0.0
0.0078125
0.0
0.0
0.0
0.0
0.01171875
0.01171875
0.0
0.0
0.00390625
0.00390625
0.0
0.00390625
0.0078125
0.01171875
0.0
0.07421875
0.6015625
0.03515625
0.00390625
0.01953125
0.0
0.0234375
0.0078125
0.00390625
0.0
0.0
0.0
0.0
0.0078125
0.0
0.0
0.0
0.00390625
0.00390625
0.00390625
0.0
0.00390625
0.0
0.01171875
0.02734375
0.0
0.01171875
0.00390625
0.0
0.0
0.0078125
0.01171875
0.0
0.00390625
0.00390625
0.0
0.0078125
0.01953125
0.0
0.0
0.0
0.0
0.00390625
0.01171875
0.0078125
0.0
0.0
0.00390625
0.0078125
0.0234375
0.0
0.0
0.0
0.0
0.00390625
0.00390625
0.0
0.00390625
0.0
0.09765625
0.60546875
0.015625
0.00390625
0.04296875
0.01171875
0.00390625
0.00390625
0.01171875
0.01171875
0.0
0.0
0.0234375
0.015625
0.0
0.0
0.00390625
0.015625
0.0
0.0
0.0
0.0
0.0
0.01171875
0.03515625
0.00390625
0.00390625
0.0
0.0
0.0
0.00390625
0.0
0.0
0.0
0.0
0.00390625
0.015625
0.015625
0.0234375
0.00390625
0.0
0.0
0.00390625
0.00390625
0.0078125
0.0
0.0
0.0
0.01953125
0.02734375
0.0
0.0
0.0078125
0.0078125
0.01171875
0.0
0.0078125
0.0078125
0.00390625
0.0546875
0.55078125
0.04296875
0.0078125
0.01953125
0.00390625
0.0078125
0.01171875
0.00390625
0.01953125
0.00390625
0.00390625
0.0390625
0.01953125
0.0
0.0078125
0.0
0.0078125
0.0
0.00390625
0.0
0.0
0.0
0.0078125
0.0234375
0.0078125
0.00390625
0.00390625
0.00390625
0.0
0.0078125
0.0078125
0.00390625
0.0
0.0
0.0078125
0.00390625
0.01171875
0.0078125
0.0
0.0
0.0
0.0
0.00390625
0.015625
0.00390625
0.0
0.00390625
0.015625
0.04296875
0.0
0.00390625
0.01171875
0.0078125
0.0
0.0078125
0.00390625
0.0078125
0.00390625
0.04296875
0.45703125
0.046875
0.0
0.0625
0.00390625
0.00390625
0.0
0.01171875
0.00390625
0.00390625
0.0
0.0078125
0.0
0.0
0.00390625
0.0
0.00390625
0.00390625
0.00390625
0.0
0.0
0.0
0.00390625
0.0625
0.00390625
0.0
0.0
0.0
0.0
0.0078125
0.0
0.0
0.0
0.00390625
0.0
0.015625
0.0234375
0.00390625
0.0
0.0
0.0
0.0
0.0078125
0.00390625
0.0
0.0
0.0
0.0078125
0.0
0.0
0.0
0.00390625
0.0
0.0
0.00390625
0.0078125
0.01953125
0.00390625
0.07421875
0.51953125
0.0546875
0.00390625
0.0625
0.0
0.00390625
0.0
0.0
0.00390625
0.00390625
0.0
0.01953125
0.00390625
0.0
0.0
0.0
0.0
0.0078125
0.0
0.00390625
0.0
0.0
0.00390625
0.06640625
0.00390625
0.00390625
0.0
0.0
0.0
0.0
0.00390625
0.0
0.0
0.0
0.0
0.00390625
0.0390625
0.0078125
0.0
0.0
0.0
0.0
0.0
0.00390625
0.0078125
0.0
0.0
0.00390625
0.01953125
0.00390625
0.0
0.00390625
0.00390625
0.0078125
0.0078125
0.01171875
0.05859375
0.0
0.08203125
0.484375
0.04296875
0.0
0.03125
0.00390625
0.0
0.00390625
0.00390625
0.015625
0.00390625
0.0
0.01171875
0.0078125
0.0
0.0
0.0
0.0078125
0.01171875
0.0
0.0
0.0
0.0
0.0
0.0390625
0.015625
0.00390625
0.0
0.0
0.0
0.0078125
0.0
0.0
0.00390625
0.0
0.0
0.0078125
0.0234375
0.0
0.0
0.0
0.00390625
0.00390625
0.00390625
0.01171875
0.00390625
0.0
0.0
0.01171875
0.00390625
0.00390625
0.00390625
0.0078125
0.0078125
0.00390625
0.0
0.0234375
0.02734375
0.00390625
0.08203125
0.546875
0.02734375
0.00390625
0.0234375
0.01171875
0.0078125
0.015625
0.0078125
0.0078125
0.00390625
0.00390625
0.015625
0.00390625
0.0
0.0
0.0
0.00390625
0.01953125
0.0
0.0
0.00390625
0.0
0.01171875
0.0234375
0.015625
0.01171875
0.0
0.0
0.0
0.00390625
0.0078125
0.0
0.0
0.0
0.0
0.00390625
0.0234375
0.00390625
0.0
0.0
0.0
0.0
0.00390625
0.0078125
0.0
0.0
0.0
0.01171875
0.01171875
0.01171875
0.0
0.0
0.0078125
0.0078125
0.0234375
0.00390625
0.01171875
0.0
0.0703125
0.5625
0.04296875
0.00390625
0.0234375
0.0078125
0.0078125
0.00390625
0.00390625
0.03125
0.0
0.0
0.01953125
0.0
0.00390625
0.0
0.00390625
0.01171875
0.0078125
0.0
0.0
0.0
0.00390625
0.00390625
0.0234375
0.0078125
0.00390625
0.0
0.00390625
0.0
0.00390625
0.00390625
0.0
0.0
0.0
0.0
0.00390625
0.0078125
0.01953125
0.0
0.00390625
0.0
0.0
0.01171875
0.015625
0.0
0.0
0.00390625
0.01953125
0.01171875
0.00390625
0.0
0.01171875
0.0
0.00390625
0.0078125
0.01171875
0.02734375
0.0
0.06640625
0.54296875
0.04296875
0.0
0.0
0.00390625
0.01171875
0.015625
0.01171875
0.01953125
0.0078125
0.00390625
0.0703125
0.046875
0.0
0.00390625
0.00390625
0.00390625
0.01953125
0.00390625
0.0
0.0
0.0
0.00390625
0.0
0.0078125
0.015625
0.00390625
0.0
0.0
0.00390625
0.00390625
0.0
0.0
0.0
0.01953125
0.00390625
0.0
0.0078125
0.0
0.0
0.0078125
0.0078125
0.0078125
0.01953125
0.00390625
0.00390625
0.0
0.015625
0.07421875
0.00390625
0.0078125
0.02734375
0.01953125
0.00390625
0.0
0.0078125
0.00390625
0.0078125
0.078125
0.296875
0.03515625
0.0
0.03125
0.0
0.0
0.00390625
0.00390625
0.00390625
0.0
0.0
0.01953125
0.00390625
0.00390625
0.0
0.0
0.00390625
0.01171875
0.0
0.0
0.00390625
0.0
0.0
0.03515625
0.01171875
0.0078125
0.0
0.00390625
0.0
0.00390625
0.0
0.0
0.0
0.0
0.0
0.0078125
0.02734375
0.01953125
0.0
0.0
0.00390625
0.0
0.00390625
0.0
0.00390625
0.0
0.0
0.00390625
0.0078125
0.0
0.0
0.0
0.00390625
0.00390625
0.00390625
0.01171875
0.0078125
0.00390625
0.04296875
0.59375
0.04296875
0.0
0.05859375
0.00390625
0.0078125
0.0078125
0.0
0.00390625
0.0
0.0
0.0
0.0078125
0.00390625
0.0
0.0
0.0
0.0078125
0.0
0.0
0.0
0.00390625
0.0
0.08203125
0.0
0.0
0.0
0.0
0.0
0.0
0.00390625
0.0
0.00390625
0.0
0.0
0.0078125
0.05078125
0.00390625
0.00390625
0.0
0.00390625
0.0
0.0078125
0.0078125
0.00390625
0.00390625
0.0
0.00390625
0.00390625
0.00390625
0.0
0.01953125
0.00390625
0.00390625
0.0078125
0.01953125
0.0234375
0.00390625
0.07421875
0.5
0.0390625
0.01171875
0.0078125
0.0
0.0078125
0.0
0.00390625
0.05859375
0.00390625
0.0
0.03125
0.03125
0.01171875
0.0
0.0
0.0
0.01953125
0.0
0.0
0.0
0.0
0.0
0.015625
0.02734375
0.0
0.0
0.0
0.00390625
0.00390625
0.0
0.0
0.00390625
0.0
0.0
0.015625
0.015625
0.01171875
0.0
0.0
0.0
0.00390625
0.0
0.0
0.0
0.0
0.015625
0.02734375
0.0078125
0.00390625
0.00390625
0.03125
0.00390625
0.015625
0.015625
0.0
0.0078125
0.00390625
0.0859375
0.44921875
0.046875
0.0
0.03515625
0.0078125
0.01953125
0.0078125
0.0078125
0.00390625
0.0078125
0.015625
0.02734375
0.07421875
0.00390625
0.00390625
0.0
0.0
0.00390625
0.00390625
0.0
0.0
0.0
0.0078125
0.015625
0.0
0.0
0.0
0.0
0.0
0.00390625
0.0
0.0
0.0
0.0
0.0078125
0.015625
0.01171875
0.0
0.0
0.0
0.0
0.0078125
0.01171875
0.0078125
0.0
0.0
0.0078125
0.0234375
0.02734375
0.0078125
0.00390625
0.03125
0.00390625
0.0078125
0.0
0.00390625
0.00390625
0.0
0.08203125
0.4375
0.04296875
0.0078125
0.02734375
0.01171875
0.00390625
0.01171875
0.00390625
0.03125
0.00390625
0.0078125
0.03515625
0.02734375
0.00390625
0.00390625
0.0
0.01171875
0.0078125
0.00390625
0.0078125
0.0
0.00390625
0.0
0.0078125
0.01953125
0.01171875
0.0
0.0
0.0
0.0
0.0
0.0
0.0
0.00390625
0.0078125
0.0078125
0.0078125
0.00390625
0.00390625
0.0
0.00390625
0.00390625
0.015625
0.00390625
0.0
0.0
0.0078125
0.015625
0.01953125
0.0
0.00390625
0.0390625
0.0
0.00390625
0.0
0.0
0.0
0.0
0.078125
0.47265625
0.03515625
0.0
0.0
0.00390625
0.00390625
0.015625
0.0234375
0.07421875
0.00390625
0.01171875
0.1796875
0.0546875
0.0078125
0.00390625
0.0
0.015625
0.00390625
0.0078125
0.0
0.0
0.0
0.0
0.0
0.0
0.0
0.0
0.0
0.0
0.01171875
0.0
0.0
0.0
0.00390625
0.01171875
0.00390625
0.00390625
0.0
0.0
0.0
0.0
0.0
0.01171875
0.01171875
0.00390625
0.0
0.0078125
0.02734375
0.05078125
0.00390625
0.0078125
0.03125
0.0078125
0.0
0.0078125
0.0
0.00390625
0.0
0.0546875
0.2265625
0.04296875
0.0
0.03125
0.01171875
0.0
0.015625
0.0
0.00390625
0.0
0.0
0.01953125
0.0
0.0
0.0
0.0
0.0
0.0
0.0
0.0
0.0
0.0
0.00390625
0.046875
0.01171875
0.0
0.0
0.0
0.0
0.00390625
0.00390625
0.0
0.00390625
0.0
0.0
0.01171875
0.01953125
0.0078125
0.0
0.0
0.0
0.0
0.0
0.0
0.0
0.0
0.0
0.0078125
0.0
0.0
0.0
0.0
0.0
0.00390625
0.0
0.0
0.0234375
0.0078125
0.05078125
0.60546875
0.03125
0.00390625
0.04296875
0.01171875
0.00390625
0.0078125
0.00390625
0.00390625
0.0
0.0
0.0
0.0078125
0.00390625
0.0
0.0
0.0078125
0.00390625
0.0
0.0
0.0
0.00390625
0.00390625
0.05859375
0.00390625
0.00390625
0.0
0.00390625
0.0
0.0078125
0.00390625
0.0
0.0
0.00390625
0.0
0.01171875
0.046875
0.0078125
0.0
0.0
0.00390625
0.0
0.00390625
0.00390625
0.00390625
0.0
0.0
0.00390625
0.00390625
0.0
0.0
0.00390625
0.00390625
0.00390625
0.0
0.0
0.03125
0.0
0.0703125
0.5703125
0.03125
0.0078125
0.03125
0.015625
0.0
0.00390625
0.0078125
0.015625
0.00390625
0.00390625
0.03125
0.01171875
0.00390625
0.0
0.0
0.01171875
0.0
0.0
0.00390625
0.0
0.0
0.01171875
0.02734375
0.00390625
0.0
0.0
0.0
0.0
0.01953125
0.0
0.0
0.0
0.0
0.0
0.00390625
0.015625
0.0078125
0.0
0.0
0.0
0.0
0.00390625
0.00390625
0.00390625
0.0
0.00390625
0.0078125
0.015625
0.00390625
0.00390625
0.01171875
0.00390625
0.01171875
0.00390625
0.00390625
0.015625
0.00390625
0.0625
0.5625
0.046875
0.0
0.01171875
0.0
0.01171875
0.0078125
0.0078125
0.0078125
0.0
0.0078125
0.03515625
0.0234375
0.00390625
0.0
0.0
0.00390625
0.0
0.00390625
0.0
0.0
0.00390625
0.00390625
0.02734375
0.00390625
0.00390625
0.0
0.0
0.0
0.0
0.00390625
0.0
0.0
0.00390625
0.00390625
0.01171875
0.0234375
0.0
0.0
0.00390625
0.0
0.0
0.015625
0.015625
0.0
0.0
0.00390625
0.0078125
0.046875
0.00390625
0.00390625
0.01953125
0.00390625
0.0078125
0.00390625
0.0078125
0.01171875
0.0078125
0.0625
0.51171875
0.02734375
0.0
0.01171875
0.015625
0.00390625
0.0078125
0.01171875
0.015625
0.00390625
0.00390625
0.03515625
0.02734375
0.0
0.0
0.0
0.0078125
0.00390625
0.01171875
0.00390625
0.00390625
0.0
0.0078125
0.00390625
0.0078125
0.01953125
0.0
0.0
0.0
0.0078125
0.0
0.0
0.0
0.0
0.0
0.00390625
0.0078125
0.0078125
0.0
0.0
0.0
0.0
0.00390625
0.01953125
0.0078125
0.0
0.0078125
0.0078125
0.07421875
0.00390625
0.0078125
0.01171875
0.0078125
0.00390625
0.0078125
0.01171875
0.01953125
0.0
0.0703125
0.47265625
0.05078125
0.0
0.0078125
0.0078125
0.00390625
0.01171875
0.00390625
0.02734375
0.0078125
0.00390625
0.04296875
0.02734375
0.0078125
0.0
0.00390625
0.0078125
0.0
0.00390625
0.00390625
0.00390625
0.0
0.0078125
0.00390625
0.0078125
0.0078125
0.0
0.0
0.0
0.0
0.015625
0.0
0.0
0.0
0.0
0.01171875
0.00390625
0.0078125
0.0
0.0
0.0
0.0
0.0
0.0234375
0.0
0.00390625
0.0078125
0.02734375
0.13671875
0.01171875
0.0078125
0.0234375
0.0078125
0.0078125
0.00390625
0.0
0.0078125
0.00390625
0.078125
0.29296875
0.03125
0.0
0.0625
0.0
0.0
0.00390625
0.0
0.0
0.00390625
0.0
0.0
0.00390625
0.0
0.0
0.0
0.0
0.0
0.0
0.0
0.0
0.0
0.00390625
0.0390625
0.0078125
0.0
0.0
0.0
0.0
0.0
0.0
0.0
0.0
0.0
0.0
0.00390625
0.015625
0.00390625
0.00390625
0.0
0.0
0.0
0.0
0.0
0.0
0.0
0.0
0.0
0.00390625
0.0
0.0
0.00390625
0.0
0.0
0.01171875
0.0
0.015625
0.0078125
0.05859375
0.65234375
0.03515625
0.01171875
0.01953125
0.01171875
0.00390625
0.0
0.015625
0.03125
0.00390625
0.00390625
0.02734375
0.015625
0.0078125
0.00390625
0.00390625
0.015625
0.00390625
0.0
0.0
0.0
0.0
0.00390625
0.0078125
0.0078125
0.0
0.0
0.0078125
0.00390625
0.00390625
0.00390625
0.0
0.0
0.0
0.0
0.00390625
0.01171875
0.0078125
0.0
0.0
0.0
0.0
0.00390625
0.0078125
0.00390625
0.0
0.01171875
0.00390625
0.0078125
0.0
0.0
0.01953125
0.0078125
0.0
0.0078125
0.0078125
0.015625
0.00390625
0.08203125
0.5390625
0.0390625
0.0
0.046875
0.01171875
0.0
0.01171875
0.0
0.0234375
0.0
0.0
0.04296875
0.01171875
0.0078125
0.0
0.0
0.0078125
0.00390625
0.0
0.0
0.0
0.00390625
0.01953125
0.0546875
0.0
0.0
0.0
0.0
0.0
0.0
0.0
0.0
0.0
0.0
0.0
0.0
0.0234375
0.0078125
0.0
0.0
0.0
0.0
0.00390625
0.00390625
0.0
0.00390625
0.01171875
0.01953125
0.02734375
0.0
0.0
0.015625
0.0078125
0.00390625
0.0
0.00390625
0.015625
0.0078125
0.046875
0.51171875
0.02734375
0.00390625
0.01953125
0.0078125
0.00390625
0.01171875
0.00390625
0.0234375
0.0
0.00390625
0.015625
0.02734375
0.00390625
0.00390625
0.0
0.00390625
0.00390625
0.00390625
0.0
0.00390625
0.0
0.015625
0.015625
0.0
0.00390625
0.0
0.0
0.00390625
0.00390625
0.0078125
0.0
0.0
0.0
0.0
0.0078125
0.015625
0.01171875
0.00390625
0.00390625
0.0
0.01171875
0.0
0.00390625
0.0
0.0
0.01171875
0.0
0.01953125
0.0
0.0
0.01171875
0.0078125
0.01171875
0.0
0.01171875
0.01953125
0.00390625
0.07421875
0.546875
0.07421875
0.00390625
0.0078125
0.00390625
0.0
0.00390625
0.0078125
0.03515625
0.00390625
0.015625
0.03515625
0.0859375
0.00390625
0.00390625
0.0
0.0234375
0.0
0.0
0.0
0.0
0.0
0.0
0.0
0.0078125
0.015625
0.01171875
0.0
0.0
0.0
0.00390625
0.0
0.0
0.0
0.01171875
0.0
0.00390625
0.0078125
0.0
0.0
0.01171875
0.0078125
0.0078125
0.01171875
0.00390625
0.0078125
0.0234375
0.03125
0.05078125
0.00390625
0.00390625
0.02734375
0.00390625
0.0078125
0.00390625
0.00390625
0.01171875
0.0
0.1171875
0.2890625
0.0390625
0.01171875
0.015625
0.0
0.015625
0.00390625
0.01171875
0.0546875
0.0078125
0.00390625
0.046875
0.03125
0.0
0.0
0.0
0.01171875
0.00390625
0.0
0.0
0.0
0.0
0.0078125
0.0
0.015625
0.00390625
0.0
0.00390625
0.0
0.0
0.00390625
0.0
0.00390625
0.0
0.0
0.0078125
0.00390625
0.0
0.0
0.0078125
0.0
0.0078125
0.00390625
0.00390625
0.0
0.0
0.0078125
0.02734375
0.03515625
0.0
0.0078125
0.03125
0.0078125
0.00390625
0.0078125
0.00390625
0.00390625
0.00390625
0.078125
0.38671875
0.02734375
0.00390625
0.078125
0.0078125
0.00390625
0.0
0.0
0.0078125
0.0
0.0
0.0
0.0
0.0
0.0
0.0
0.0
0.00390625
0.0
0.0
0.0
0.0
0.0078125
0.05078125
0.00390625
0.00390625
0.0
0.0
0.0
0.00390625
0.0
0.0
0.0
0.0
0.0
0.0
0.0234375
0.0
0.0
0.0
0.0
0.0
0.00390625
0.0
0.0
0.0
0.0
0.0
0.0
0.00390625
0.0
0.0
0.0
0.0
0.01953125
0.00390625
0.0078125
0.01171875
0.05078125
0.609375
0.04296875
0.0078125
0.0390625
0.0078125
0.00390625
0.0
0.01171875
0.0
0.00390625
0.0
0.015625
0.01953125
0.00390625
0.0
0.0
0.00390625
0.00390625
0.0
0.0
0.0
0.0
0.0078125
0.02734375
0.0
0.0
0.00390625
0.0
0.0
0.00390625
0.0078125
0.00390625
0.0
0.0
0.0
0.01171875
0.0234375
0.0078125
0.0
0.0
0.0
0.0
0.0
0.0078125
0.0
0.0
0.0
0.00390625
0.00390625
0.0
0.00390625
0.01171875
0.0
0.00390625
0.00390625
0.0078125
0.046875
0.015625
0.078125
0.55078125
0.03125
0.00390625
0.01953125
0.00390625
0.00390625
0.0078125
0.00390625
0.01171875
0.00390625
0.0078125
0.0390625
0.02734375
0.0
0.0
0.0
0.0078125
0.00390625
0.0
0.0
0.00390625
0.0
0.0
0.015625
0.0078125
0.0
0.00390625
0.0
0.0
0.0078125
0.00390625
0.0
0.0
0.00390625
0.00390625
0.0
0.015625
0.015625
0.0
0.0
0.0
0.0078125
0.00390625
0.02734375
0.0
0.0
0.0
0.01171875
0.0703125
0.0078125
0.00390625
0.01171875
0.015625
0.0
0.0078125
0.0078125
0.015625
0.0
0.05859375
0.4921875
0.03125
0.0
0.0078125
0.00390625
0.01171875
0.00390625
0.01953125
0.02734375
0.0
0.0078125
0.0390625
0.01953125
0.0
0.0
0.00390625
0.00390625
0.00390625
0.00390625
0.00390625
0.0
0.00390625
0.00390625
0.0078125
0.01171875
0.0
0.0
0.0
0.0
0.0
0.00390625
0.00390625
0.00390625
0.0
0.0078125
0.01171875
0.02734375
0.01171875
0.0
0.0
0.00390625
0.0078125
0.0078125
0.00390625
0.0
0.0
0.00390625
0.01171875
0.05859375
0.00390625
0.00390625
0.01953125
0.015625
0.00390625
0.0078125
0.00390625
0.01171875
0.00390625
0.0625
0.4765625
0.03125
0.015625
0.0
0.0078125
0.00390625
0.0
0.03125
0.0390625
0.00390625
0.00390625
0.09375
0.0390625
0.01171875
0.0
0.0
0.02734375
0.00390625
0.00390625
0.00390625
0.0
0.0
0.01171875
0.0
0.0078125
0.00390625
0.00390625
0.0
0.00390625
0.015625
0.00390625
0.0
0.0
0.00390625
0.00390625
0.00390625
0.01171875
0.0
0.0
0.0
0.0
0.0078125
0.00390625
0.015625
0.0
0.00390625
0.015625
0.04296875
0.04296875
0.00390625
0.0
0.06640625
0.015625
0.0
0.0
0.0
0.0
0.0
0.0703125
0.31640625
0.0390625
0.0
0.01171875
0.01171875
0.01171875
0.01953125
0.0234375
0.01953125
0.0
0.0078125
0.0703125
0.03125
0.0
0.0
0.0
0.015625
0.015625
0.0078125
0.00390625
0.0
0.0
0.0
0.01171875
0.0078125
0.0
0.0
0.0
0.0
0.00390625
0.0
0.0
0.0
0.0
0.00390625
0.00390625
0.0
0.00390625
0.0
0.0
0.0
0.0078125
0.015625
0.0
0.00390625
0.00390625
0.0078125
0.01953125
0.04296875
0.01171875
0.0078125
0.01953125
0.0
0.01171875
0.0
0.0078125
0.0
0.00390625
0.078125
0.37109375
0.04296875
0.00390625
0.03125
0.0078125
0.00390625
0.00390625
0.015625
0.03515625
0.0
0.0
0.0234375
0.01953125
0.00390625
0.0
0.0
0.01171875
0.01171875
0.0
0.0
0.0
0.00390625
0.00390625
0.02734375
0.00390625
0.00390625
0.0
0.0
0.00390625
0.0
0.0
0.0
0.0
0.00390625
0.00390625
0.00390625
0.01953125
0.00390625
0.0
0.00390625
0.0
0.00390625
0.0078125
0.0
0.0
0.0
0.0
0.02734375
0.01953125
0.0
0.00390625
0.0234375
0.0
0.0
0.0078125
0.0
0.00390625
0.0
0.05078125
0.48828125
0.04296875
0.00390625
0.015625
0.00390625
0.00390625
0.0
0.0078125
0.02734375
0.0
0.00390625
0.0234375
0.0234375
0.0078125
0.0
0.0
0.0078125
0.00390625
0.00390625
0.0078125
0.0
0.0
0.0
0.015625
0.0078125
0.00390625
0.0
0.0
0.0
0.01171875
0.01171875
0.0
0.0
0.0
0.00390625
0.0078125
0.01171875
0.0078125
0.0
0.0
0.0078125
0.00390625
0.015625
0.0078125
0.0
0.0
0.00390625
0.01953125
0.0234375
0.0
0.00390625
0.0234375
0.0078125
0.0
0.00390625
0.00390625
0.01171875
0.00390625
0.078125
0.51171875
0.0546875
0.0078125
0.0078125
0.0
0.015625
0.00390625
0.01171875
0.0390625
0.0078125
0.01171875
0.05078125
0.05078125
0.015625
0.0
0.00390625
0.01171875
0.00390625
0.0
0.0
0.0
0.0
0.0
0.0
0.00390625
0.015625
0.0
0.0
0.0
0.0078125
0.00390625
0.0
0.0
0.00390625
0.0234375
0.0
0.0078125
0.00390625
0.0
0.0
0.0
0.015625
0.00390625
0.01171875
0.0
0.00390625
0.02734375
0.03125
0.0625
0.0078125
0.015625
0.0390625
0.01171875
0.0
0.00390625
0.00390625
0.00390625
0.00390625
0.125
0.26171875
0.046875
0.00390625
0.02734375
0.0078125
0.0
0.00390625
0.0078125
0.02734375
0.00390625
0.0
0.05078125
0.0390625
0.00390625
0.00390625
0.00390625
0.01171875
0.0
0.0
0.0
0.00390625
0.0
0.0
0.0234375
0.01171875
0.0
0.0
0.00390625
0.0
0.00390625
0.00390625
0.0
0.0
0.00390625
0.0
0.0078125
0.0078125
0.0
0.0
0.00390625
0.0
0.0078125
0.0
0.01171875
0.0
0.0
0.00390625
0.0234375
0.03515625
0.0
0.00390625
0.015625
0.01171875
0.00390625
0.00390625
0.0078125
0.0234375
0.01953125
0.07421875
0.4375
0.03515625
0.00390625
0.0
0.0
0.0
0.00390625
0.01171875
0.05078125
0.0
0.00390625
0.046875
0.01953125
0.0
0.0
0.0
0.015625
0.0078125
0.0
0.0
0.00390625
0.0078125
0.0
0.0078125
0.00390625
0.0078125
0.00390625
0.00390625
0.0
0.0078125
0.0
0.00390625
0.00390625
0.0
0.0078125
0.0
0.0
0.00390625
0.0
0.00390625
0.00390625
0.0
0.00390625
0.03125
0.0
0.00390625
0.00390625
0.01953125
0.08984375
0.0078125
0.0078125
0.03125
0.01953125
0.015625
0.0078125
0.00390625
0.0
0.0
0.0546875
0.42578125
0.04296875
0.00390625
0.015625
0.0078125
0.0078125
0.00390625
0.015625
0.0234375
0.0
0.0
0.0546875
0.0234375
0.00390625
0.00390625
0.00390625
0.0078125
0.0
0.0
0.0078125
0.0
0.00390625
0.00390625
0.03125
0.0078125
0.0
0.0
0.0
0.0
0.0
0.0078125
0.0
0.0
0.0
0.00390625
0.0
0.00390625
0.01171875
0.0
0.0078125
0.00390625
0.00390625
0.0
0.01953125
0.00390625
0.00390625
0.00390625
0.0234375
0.0703125
0.0
0.0
0.02734375
0.01171875
0.0078125
0.01171875
0.01171875
0.0078125
0.00390625
0.0703125
0.34375
0.046875
0.0
0.01171875
0.00390625
0.00390625
0.0
0.00390625
0.05078125
0.0
0.00390625
0.00390625
0.05078125
0.0
0.00390625
0.0
0.00390625
0.00390625
0.0078125
0.0
0.00390625
0.0
0.0
0.0078125
0.0
0.0078125
0.0
0.0
0.0
0.0
0.00390625
0.0
0.0
0.0
0.0
0.0078125
0.0
0.00390625
0.0
0.0
0.0
0.00390625
0.0
0.01953125
0.0
0.00390625
0.0078125
0.046875
0.0546875
0.0
0.00390625
0.03125
0.03515625
0.0
0.0
0.0
0.0
0.0078125
0.03125
0.3984375
0.03515625
0.00390625
0.0078125
0.00390625
0.0078125
0.0078125
0.0234375
0.015625
0.0
0.0
0.01171875
0.046875
0.0
0.00390625
0.0
0.015625
0.0
0.0
0.0
0.00390625
0.0
0.0
0.00390625
0.0078125
0.00390625
0.0
0.0
0.0
0.00390625
0.00390625
0.0
0.0
0.0
0.0
0.00390625
0.0078125
0.00390625
0.0
0.0
0.0
0.0
0.0
0.0234375
0.0
0.0
0.0078125
0.01171875
0.04296875
0.0
0.0
0.02734375
0.03125
0.0078125
0.00390625
0.01171875
0.00390625
0.00390625
0.0703125
0.46484375
0.0234375
0.0
0.0
0.00390625
0.0
0.00390625
0.01953125
0.0703125
0.00390625
0.00390625
0.12890625
0.06640625
0.0078125
0.00390625
0.0
0.015625
0.00390625
0.0
0.0
0.0
0.0
0.0
0.0
0.0
0.0
0.0
0.0
0.0
0.00390625
0.0
0.0
0.0
0.0
0.0
0.00390625
0.0
0.00390625
0.0
0.0
0.00390625
0.0
0.0
0.015625
0.0
0.0
0.0234375
0.0390625
0.0390625
0.0
0.0
0.046875
0.01171875
0.0
0.0
0.00390625
0.0
0.0
0.03515625
0.3515625
0.03125
0.0
0.0
0.00390625
0.00390625
0.0
0.01171875
0.05859375
0.0078125
0.0078125
0.05859375
0.02734375
0.0078125
0.0
0.0
0.01171875
0.0078125
0.00390625
0.0078125
0.0
0.0
0.0
0.0078125
0.0078125
0.00390625
0.0
0.0
0.0
0.00390625
0.0
0.0
0.0
0.00390625
0.0078125
0.00390625
0.0
0.00390625
0.0
0.0
0.00390625
0.01171875
0.015625
0.02734375
0.0
0.0
0.01171875
0.03125
0.0859375
0.01171875
0.0078125
0.02734375
0.0234375
0.0
0.00390625
0.0078125
0.00390625
0.0
0.046875
0.32421875
0.046875
0.0
0.0078125
0.00390625
0.0078125
0.00390625
0.01953125
0.0390625
0.00390625
0.00390625
0.03125
0.0390625
0.0
0.00390625
0.00390625
0.01171875
0.0078125
0.0078125
0.0
0.0
0.0
0.0
0.0078125
0.00390625
0.015625
0.00390625
0.0
0.0
0.0
0.0
0.0
0.00390625
0.0
0.01171875
0.00390625
0.01171875
0.0078125
0.0
0.0
0.00390625
0.0
0.015625
0.01171875
0.0078125
0.00390625
0.01171875
0.0234375
0.05859375
0.0078125
0.00390625
0.0234375
0.02734375
0.01171875
0.01953125
0.0078125
0.00390625
0.00390625
0.06640625
0.3125
0.04296875
0.0078125
0.0
0.00390625
0.0
0.00390625
0.00390625
0.01953125
0.0
0.00390625
0.00390625
0.0390625
0.00390625
0.0
0.0
0.0
0.0
0.0078125
0.0
0.0
0.0
0.00390625
0.01171875
0.015625
0.0
0.0
0.00390625
0.00390625
0.00390625
0.0078125
0.0
0.0
0.0
0.0
0.00390625
0.0
0.01953125
0.00390625
0.0
0.0
0.0
0.00390625
0.0078125
0.0
0.00390625
0.0
0.015625
0.02734375
0.0078125
0.0
0.01953125
0.015625
0.00390625
0.0078125
0.015625
0.0
0.00390625
0.03125
0.49609375
